-             OutputMapping              -|
------------------------------------------|
 m |  n |  s |      port |  s |      port |
------------------------------------------|
 0 |  0 |  1 | even_1(1) |  1 | even_1(1) |
 0 |  0 |  1 | even_3(1) |  1 | even_3(1) |
 0 |  0 |  1 | even_5(1) |  1 | even_5(1) |
 0 |  0 |  1 | even_7(1) |  1 | even_7(1) |
------------------------------------------|
 0 |  1 |  1 |  odd_1(2) |  1 |  odd_1(2) |
 0 |  1 |  1 |  odd_3(4) |  1 |  odd_3(4) |
 0 |  1 |  1 |  odd_5(6) |  1 |  odd_5(6) |
 0 |  1 |  1 |  odd_7(8) |  1 |  odd_7(8) |
------------------------------------------|
 0 |  2 |  1 | even_1(3) |  1 | even_1(3) |
 0 |  2 |  1 | even_3(7) |  1 | even_3(7) |
 0 |  2 | -1 | even_5(7) | -1 | even_5(7) |
 0 |  2 | -1 | even_7(3) | -1 | even_7(3) |
------------------------------------------|
 0 |  3 |  1 |  odd_1(4) |  1 |  odd_1(4) |
 0 |  3 | -1 |  odd_3(8) | -1 |  odd_3(8) |
 0 |  3 | -1 |  odd_5(2) | -1 |  odd_5(2) |
 0 |  3 | -1 |  odd_7(6) | -1 |  odd_7(6) |
------------------------------------------|
 0 |  4 |  1 | even_1(5) |  1 | even_1(5) |
 0 |  4 | -1 | even_3(5) | -1 | even_3(5) |
 0 |  4 | -1 | even_5(5) | -1 | even_5(5) |
 0 |  4 |  1 | even_7(5) |  1 | even_7(5) |
------------------------------------------|
 0 |  5 |  1 |  odd_1(6) |  1 |  odd_1(6) |
 0 |  5 | -1 |  odd_3(2) | -1 |  odd_3(2) |
 0 |  5 |  1 |  odd_5(8) |  1 |  odd_5(8) |
 0 |  5 |  1 |  odd_7(4) |  1 |  odd_7(4) |
------------------------------------------|
 0 |  6 |  1 | even_1(7) |  1 | even_1(7) |
 0 |  6 | -1 | even_3(3) | -1 | even_3(3) |
 0 |  6 |  1 | even_5(3) |  1 | even_5(3) |
 0 |  6 | -1 | even_7(7) | -1 | even_7(7) |
------------------------------------------|
 0 |  7 |  1 |  odd_1(8) |  1 |  odd_1(8) |
 0 |  7 | -1 |  odd_3(6) | -1 |  odd_3(6) |
 0 |  7 |  1 |  odd_5(4) |  1 |  odd_5(4) |
 0 |  7 | -1 |  odd_7(2) | -1 |  odd_7(2) |
------------------------------------------|
 1 |  0 |  1 | even_1(2) |  1 | even_1(2) |
 1 |  0 |  1 | even_3(2) |  1 | even_3(2) |
 1 |  0 |  1 | even_5(2) |  1 | even_5(2) |
 1 |  0 |  1 | even_7(2) |  1 | even_7(2) |
------------------------------------------|
 1 |  1 |  1 |  odd_1(3) |  1 |  odd_1(1) |
 1 |  1 |  1 |  odd_3(5) |  1 |  odd_3(3) |
 1 |  1 |  1 |  odd_5(7) |  1 |  odd_5(5) |
 1 |  1 | -1 |         0 |  1 |  odd_7(7) |
------------------------------------------|
 1 |  2 |  1 | even_1(4) |  1 | even_1(2) |
 1 |  2 |  1 | even_3(8) |  1 | even_3(6) |
 1 |  2 | -1 | even_5(6) | -1 | even_5(8) |
 1 |  2 | -1 | even_7(2) | -1 | even_7(4) |
------------------------------------------|
 1 |  3 |  1 |  odd_1(5) |  1 |  odd_1(3) |
 1 |  3 | -1 |  odd_3(7) | -1 |         0 |
 1 |  3 | -1 |  odd_5(1) | -1 |  odd_5(3) |
 1 |  3 | -1 |  odd_7(7) | -1 |  odd_7(5) |
------------------------------------------|
 1 |  4 |  1 | even_1(6) |  1 | even_1(4) |
 1 |  4 | -1 | even_3(4) | -1 | even_3(6) |
 1 |  4 | -1 | even_5(6) | -1 | even_5(4) |
 1 |  4 |  1 | even_7(4) |  1 | even_7(6) |
------------------------------------------|
 1 |  5 |  1 |  odd_1(7) |  1 |  odd_1(5) |
 1 |  5 | -1 |  odd_3(1) | -1 |  odd_3(3) |
 1 |  5 |  1 |  odd_5(7) |  1 |         0 |
 1 |  5 |  1 |  odd_7(5) |  1 |  odd_7(3) |
------------------------------------------|
 1 |  6 |  1 | even_1(8) |  1 | even_1(6) |
 1 |  6 | -1 | even_3(4) | -1 | even_3(2) |
 1 |  6 |  1 | even_5(2) |  1 | even_5(4) |
 1 |  6 | -1 | even_7(6) | -1 | even_7(8) |
------------------------------------------|
 1 |  7 | -1 |         0 |  1 |  odd_1(7) |
 1 |  7 | -1 |  odd_3(7) | -1 |  odd_3(5) |
 1 |  7 |  1 |  odd_5(5) |  1 |  odd_5(3) |
 1 |  7 | -1 |  odd_7(3) | -1 |  odd_7(1) |
------------------------------------------|
 2 |  0 |  1 | even_1(3) |  1 | even_1(3) |
 2 |  0 |  1 | even_3(3) |  1 | even_3(3) |
 2 |  0 |  1 | even_5(3) |  1 | even_5(3) |
 2 |  0 |  1 | even_7(3) |  1 | even_7(3) |
------------------------------------------|
 2 |  1 |  1 |  odd_1(4) |  1 |  odd_1(2) |
 2 |  1 |  1 |  odd_3(6) |  1 |  odd_3(2) |
 2 |  1 |  1 |  odd_5(8) |  1 |  odd_5(4) |
 2 |  1 | -1 |  odd_7(8) |  1 |  odd_7(6) |
------------------------------------------|
 2 |  2 |  1 | even_1(5) |  1 | even_1(1) |
 2 |  2 | -1 |         0 |  1 | even_3(5) |
 2 |  2 | -1 | even_5(5) | -1 |         0 |
 2 |  2 | -1 | even_7(1) | -1 | even_7(5) |
------------------------------------------|
 2 |  3 |  1 |  odd_1(6) |  1 |  odd_1(2) |
 2 |  3 | -1 |  odd_3(6) |  1 |  odd_3(8) |
 2 |  3 | -1 |  odd_5(2) | -1 |  odd_5(4) |
 2 |  3 | -1 |  odd_7(8) | -1 |  odd_7(4) |
------------------------------------------|
 2 |  4 |  1 | even_1(7) |  1 | even_1(3) |
 2 |  4 | -1 | even_3(3) | -1 | even_3(7) |
 2 |  4 | -1 | even_5(7) | -1 | even_5(3) |
 2 |  4 |  1 | even_7(3) |  1 | even_7(7) |
------------------------------------------|
 2 |  5 |  1 |  odd_1(8) |  1 |  odd_1(4) |
 2 |  5 | -1 |  odd_3(2) | -1 |  odd_3(4) |
 2 |  5 |  1 |  odd_5(6) | -1 |  odd_5(8) |
 2 |  5 |  1 |  odd_7(6) |  1 |  odd_7(2) |
------------------------------------------|
 2 |  6 | -1 |         0 |  1 | even_1(5) |
 2 |  6 | -1 | even_3(5) | -1 | even_3(1) |
 2 |  6 |  1 | even_5(1) |  1 | even_5(5) |
 2 |  6 | -1 | even_7(5) | -1 |         0 |
------------------------------------------|
 2 |  7 | -1 |  odd_1(8) |  1 |  odd_1(6) |
 2 |  7 | -1 |  odd_3(8) | -1 |  odd_3(4) |
 2 |  7 |  1 |  odd_5(6) |  1 |  odd_5(2) |
 2 |  7 | -1 |  odd_7(4) | -1 |  odd_7(2) |
------------------------------------------|
 3 |  0 |  1 | even_1(4) |  1 | even_1(4) |
 3 |  0 |  1 | even_3(4) |  1 | even_3(4) |
 3 |  0 |  1 | even_5(4) |  1 | even_5(4) |
 3 |  0 |  1 | even_7(4) |  1 | even_7(4) |
------------------------------------------|
 3 |  1 |  1 |  odd_1(5) |  1 |  odd_1(3) |
 3 |  1 |  1 |  odd_3(7) |  1 |  odd_3(1) |
 3 |  1 | -1 |         0 |  1 |  odd_5(3) |
 3 |  1 | -1 |  odd_7(7) |  1 |  odd_7(5) |
------------------------------------------|
 3 |  2 |  1 | even_1(6) |  1 | even_1(2) |
 3 |  2 | -1 | even_3(8) |  1 | even_3(4) |
 3 |  2 | -1 | even_5(4) |  1 | even_5(8) |
 3 |  2 | -1 | even_7(2) | -1 | even_7(6) |
------------------------------------------|
 3 |  3 |  1 |  odd_1(7) |  1 |  odd_1(1) |
 3 |  3 | -1 |  odd_3(5) |  1 |  odd_3(7) |
 3 |  3 | -1 |  odd_5(3) | -1 |  odd_5(5) |
 3 |  3 |  1 |         0 | -1 |  odd_7(3) |
------------------------------------------|
 3 |  4 |  1 | even_1(8) |  1 | even_1(2) |
 3 |  4 | -1 | even_3(2) | -1 | even_3(8) |
 3 |  4 | -1 | even_5(8) | -1 | even_5(2) |
 3 |  4 |  1 | even_7(2) |  1 | even_7(8) |
------------------------------------------|
 3 |  5 | -1 |         0 |  1 |  odd_1(3) |
 3 |  5 | -1 |  odd_3(3) | -1 |  odd_3(5) |
 3 |  5 |  1 |  odd_5(5) | -1 |  odd_5(7) |
 3 |  5 |  1 |  odd_7(7) |  1 |  odd_7(1) |
------------------------------------------|
 3 |  6 | -1 | even_1(8) |  1 | even_1(4) |
 3 |  6 | -1 | even_3(6) | -1 | even_3(2) |
 3 |  6 |  1 | even_5(2) |  1 | even_5(6) |
 3 |  6 | -1 | even_7(4) |  1 | even_7(8) |
------------------------------------------|
 3 |  7 | -1 |  odd_1(7) |  1 |  odd_1(5) |
 3 |  7 |  1 |         0 | -1 |  odd_3(3) |
 3 |  7 |  1 |  odd_5(7) |  1 |  odd_5(1) |
 3 |  7 | -1 |  odd_7(5) | -1 |  odd_7(3) |
------------------------------------------|
 4 |  0 |  1 | even_1(5) |  1 | even_1(5) |
 4 |  0 |  1 | even_3(5) |  1 | even_3(5) |
 4 |  0 |  1 | even_5(5) |  1 | even_5(5) |
 4 |  0 |  1 | even_7(5) |  1 | even_7(5) |
------------------------------------------|
 4 |  1 |  1 |  odd_1(6) |  1 |  odd_1(4) |
 4 |  1 |  1 |  odd_3(8) |  1 |  odd_3(2) |
 4 |  1 | -1 |  odd_5(8) |  1 |  odd_5(2) |
 4 |  1 | -1 |  odd_7(6) |  1 |  odd_7(4) |
------------------------------------------|
 4 |  2 |  1 | even_1(7) |  1 | even_1(3) |
 4 |  2 | -1 | even_3(7) |  1 | even_3(3) |
 4 |  2 | -1 | even_5(3) |  1 | even_5(7) |
 4 |  2 | -1 | even_7(3) | -1 | even_7(7) |
------------------------------------------|
 4 |  3 |  1 |  odd_1(8) |  1 |  odd_1(2) |
 4 |  3 | -1 |  odd_3(4) |  1 |  odd_3(6) |
 4 |  3 | -1 |  odd_5(4) | -1 |  odd_5(6) |
 4 |  3 |  1 |  odd_7(8) | -1 |  odd_7(2) |
------------------------------------------|
 4 |  4 | -1 |         0 |  1 | even_1(1) |
 4 |  4 | -1 | even_3(1) | -1 |         0 |
 4 |  4 |  1 |         0 | -1 | even_5(1) |
 4 |  4 |  1 | even_7(1) |  1 |         0 |
------------------------------------------|
 4 |  5 | -1 |  odd_1(8) |  1 |  odd_1(2) |
 4 |  5 | -1 |  odd_3(4) | -1 |  odd_3(6) |
 4 |  5 |  1 |  odd_5(4) | -1 |  odd_5(6) |
 4 |  5 |  1 |  odd_7(8) |  1 |  odd_7(2) |
------------------------------------------|
 4 |  6 | -1 | even_1(7) |  1 | even_1(3) |
 4 |  6 | -1 | even_3(7) | -1 | even_3(3) |
 4 |  6 |  1 | even_5(3) |  1 | even_5(7) |
 4 |  6 | -1 | even_7(3) |  1 | even_7(7) |
------------------------------------------|
 4 |  7 | -1 |  odd_1(6) |  1 |  odd_1(4) |
 4 |  7 |  1 |  odd_3(8) | -1 |  odd_3(2) |
 4 |  7 |  1 |  odd_5(8) |  1 |  odd_5(2) |
 4 |  7 | -1 |  odd_7(6) | -1 |  odd_7(4) |
------------------------------------------|
 5 |  0 |  1 | even_1(6) |  1 | even_1(6) |
 5 |  0 |  1 | even_3(6) |  1 | even_3(6) |
 5 |  0 |  1 | even_5(6) |  1 | even_5(6) |
 5 |  0 |  1 | even_7(6) |  1 | even_7(6) |
------------------------------------------|
 5 |  1 |  1 |  odd_1(7) |  1 |  odd_1(5) |
 5 |  1 | -1 |         0 |  1 |  odd_3(3) |
 5 |  1 | -1 |  odd_5(7) |  1 |  odd_5(1) |
 5 |  1 | -1 |  odd_7(5) |  1 |  odd_7(3) |
------------------------------------------|
 5 |  2 |  1 | even_1(8) |  1 | even_1(4) |
 5 |  2 | -1 | even_3(6) |  1 | even_3(2) |
 5 |  2 | -1 | even_5(2) |  1 | even_5(6) |
 5 |  2 | -1 | even_7(4) | -1 | even_7(8) |
------------------------------------------|
 5 |  3 | -1 |         0 |  1 |  odd_1(3) |
 5 |  3 | -1 |  odd_3(3) |  1 |  odd_3(5) |
 5 |  3 | -1 |  odd_5(5) | -1 |  odd_5(7) |
 5 |  3 |  1 |  odd_7(7) | -1 |  odd_7(1) |
------------------------------------------|
 5 |  4 | -1 | even_1(8) |  1 | even_1(2) |
 5 |  4 | -1 | even_3(2) |  1 | even_3(8) |
 5 |  4 |  1 | even_5(8) | -1 | even_5(2) |
 5 |  4 |  1 | even_7(2) | -1 | even_7(8) |
------------------------------------------|
 5 |  5 | -1 |  odd_1(7) |  1 |  odd_1(1) |
 5 |  5 | -1 |  odd_3(5) | -1 |  odd_3(7) |
 5 |  5 |  1 |  odd_5(3) | -1 |  odd_5(5) |
 5 |  5 | -1 |         0 |  1 |  odd_7(3) |
------------------------------------------|
 5 |  6 | -1 | even_1(6) |  1 | even_1(2) |
 5 |  6 | -1 | even_3(8) | -1 | even_3(4) |
 5 |  6 |  1 | even_5(4) |  1 | even_5(8) |
 5 |  6 | -1 | even_7(2) |  1 | even_7(6) |
------------------------------------------|
 5 |  7 | -1 |  odd_1(5) |  1 |  odd_1(3) |
 5 |  7 |  1 |  odd_3(7) | -1 |  odd_3(1) |
 5 |  7 | -1 |         0 |  1 |  odd_5(3) |
 5 |  7 | -1 |  odd_7(7) | -1 |  odd_7(5) |
------------------------------------------|
 6 |  0 |  1 | even_1(7) |  1 | even_1(7) |
 6 |  0 |  1 | even_3(7) |  1 | even_3(7) |
 6 |  0 |  1 | even_5(7) |  1 | even_5(7) |
 6 |  0 |  1 | even_7(7) |  1 | even_7(7) |
------------------------------------------|
 6 |  1 |  1 |  odd_1(8) |  1 |  odd_1(6) |
 6 |  1 | -1 |  odd_3(8) |  1 |  odd_3(4) |
 6 |  1 | -1 |  odd_5(6) |  1 |  odd_5(2) |
 6 |  1 | -1 |  odd_7(4) |  1 |  odd_7(2) |
------------------------------------------|
 6 |  2 | -1 |         0 |  1 | even_1(5) |
 6 |  2 | -1 | even_3(5) |  1 | even_3(1) |
 6 |  2 | -1 | even_5(1) |  1 | even_5(5) |
 6 |  2 | -1 | even_7(5) | -1 |         0 |
------------------------------------------|
 6 |  3 | -1 |  odd_1(8) |  1 |  odd_1(4) |
 6 |  3 | -1 |  odd_3(2) |  1 |  odd_3(4) |
 6 |  3 | -1 |  odd_5(6) | -1 |  odd_5(8) |
 6 |  3 |  1 |  odd_7(6) | -1 |  odd_7(2) |
------------------------------------------|
 6 |  4 | -1 | even_1(7) |  1 | even_1(3) |
 6 |  4 | -1 | even_3(3) |  1 | even_3(7) |
 6 |  4 |  1 | even_5(7) | -1 | even_5(3) |
 6 |  4 |  1 | even_7(3) | -1 | even_7(7) |
------------------------------------------|
 6 |  5 | -1 |  odd_1(6) |  1 |  odd_1(2) |
 6 |  5 | -1 |  odd_3(6) | -1 |  odd_3(8) |
 6 |  5 |  1 |  odd_5(2) | -1 |  odd_5(4) |
 6 |  5 | -1 |  odd_7(8) |  1 |  odd_7(4) |
------------------------------------------|
 6 |  6 | -1 | even_1(5) |  1 | even_1(1) |
 6 |  6 |  1 |         0 | -1 | even_3(5) |
 6 |  6 |  1 | even_5(5) |  1 |         0 |
 6 |  6 | -1 | even_7(1) |  1 | even_7(5) |
------------------------------------------|
 6 |  7 | -1 |  odd_1(4) |  1 |  odd_1(2) |
 6 |  7 |  1 |  odd_3(6) | -1 |  odd_3(2) |
 6 |  7 | -1 |  odd_5(8) |  1 |  odd_5(4) |
 6 |  7 | -1 |  odd_7(8) | -1 |  odd_7(6) |
------------------------------------------|
 7 |  0 |  1 | even_1(8) |  1 | even_1(8) |
 7 |  0 |  1 | even_3(8) |  1 | even_3(8) |
 7 |  0 |  1 | even_5(8) |  1 | even_5(8) |
 7 |  0 |  1 | even_7(8) |  1 | even_7(8) |
------------------------------------------|
 7 |  1 | -1 |         0 |  1 |  odd_1(7) |
 7 |  1 | -1 |  odd_3(7) |  1 |  odd_3(5) |
 7 |  1 | -1 |  odd_5(5) |  1 |  odd_5(3) |
 7 |  1 | -1 |  odd_7(3) |  1 |  odd_7(1) |
------------------------------------------|
 7 |  2 | -1 | even_1(8) |  1 | even_1(6) |
 7 |  2 | -1 | even_3(4) |  1 | even_3(2) |
 7 |  2 | -1 | even_5(2) |  1 | even_5(4) |
 7 |  2 | -1 | even_7(6) |  1 | even_7(8) |
------------------------------------------|
 7 |  3 | -1 |  odd_1(7) |  1 |  odd_1(5) |
 7 |  3 | -1 |  odd_3(1) |  1 |  odd_3(3) |
 7 |  3 | -1 |  odd_5(7) | -1 |         0 |
 7 |  3 |  1 |  odd_7(5) | -1 |  odd_7(3) |
------------------------------------------|
 7 |  4 | -1 | even_1(6) |  1 | even_1(4) |
 7 |  4 | -1 | even_3(4) |  1 | even_3(6) |
 7 |  4 |  1 | even_5(6) | -1 | even_5(4) |
 7 |  4 |  1 | even_7(4) | -1 | even_7(6) |
------------------------------------------|
 7 |  5 | -1 |  odd_1(5) |  1 |  odd_1(3) |
 7 |  5 | -1 |  odd_3(7) | -1 |         0 |
 7 |  5 |  1 |  odd_5(1) | -1 |  odd_5(3) |
 7 |  5 | -1 |  odd_7(7) |  1 |  odd_7(5) |
------------------------------------------|
 7 |  6 | -1 | even_1(4) |  1 | even_1(2) |
 7 |  6 |  1 | even_3(8) | -1 | even_3(6) |
 7 |  6 |  1 | even_5(6) | -1 | even_5(8) |
 7 |  6 | -1 | even_7(2) |  1 | even_7(4) |
------------------------------------------|
 7 |  7 | -1 |  odd_1(3) |  1 |  odd_1(1) |
 7 |  7 |  1 |  odd_3(5) | -1 |  odd_3(3) |
 7 |  7 | -1 |  odd_5(7) |  1 |  odd_5(5) |
 7 |  7 |  1 |         0 | -1 |  odd_7(7) |
------------------------------------------|
